4 -48
15762 -58
31410 -58
47013 -59
62657 -54
78288 -53
93920 -57
109598 -48
125196 -51
140913 -55
156590 -51
159015 -50
174592 -50
190232 -50
205869 -49
221483 -48
237173 -47
252796 -48
268474 -45
284107 -57
299765 -49
315371 -57
331067 -51
346692 -49
362438 -55
378136 -58
393785 -53
409509 -61
425130 -57
440761 -61
456398 -64
458978 -52
474631 -55
490274 -54
505920 -48
521510 -63
537086 -65
552739 -73
568336 -61
583974 -60
599650 -69
615353 -62
631017 -55
646746 -61
662389 -58
678093 -62
693748 -56
709389 -52

