0 -61
15759 -58
31404 -54
47009 -54
62652 -58
78283 -56
93907 -56
109590 -52
125190 -57
140892 -61
156585 -66
159011 -63
174581 -62
190217 -66
205855 -61
221477 -57
237164 -56
252791 -42
268466 -42
284100 -61
299760 -59
315365 -53
331061 -62
346689 -52
362416 -42
378133 -55
393779 -62
409504 -52
425118 -52
440755 -47
456389 -45
458970 -57
474606 -64
490265 -57
505914 -66
521497 -47
537072 -45
552734 -48
568332 -47
583971 -45
599642 -50
615344 -60
631012 -62
646739 -55
662385 -58
678083 -37
693744 -41
709380 -64

