1028670 -54
1044305 -58
1059054 -65
1074556 -63
1090163 -59
1105722 -63
1168237 -70
1183878 -59
1199408 -64
1214924 -65
1230514 -65
1246132 -58
1261800 -69
1277370 -62
1292898 -61
1308592 -66
1324252 -62
1339845 -65
1355368 -72
1359046 -69
1374629 -66
1390273 -55
1405876 -60
1421456 -68
1437154 -56
1452845 -58
1468506 -61
1531010 -64
1593177 -63
1608776 -61
1624358 -64
1639929 -64
1658881 -59
1674594 -63
1736844 -53
1752511 -63
1768142 -67
1783670 -57
2976136 -52
2991720 -52
3007410 -58
3022986 -66
3025803 -64
