1028689 -73
1044313 -73
1059062 -71
1074578 -86
1090172 -84
1105733 -74
1168246 -83
1183892 -89
1199425 -89
1214935 -78
1230525 -79
1246146 -84
1261814 -78
1277382 -76
1292904 -67
1308596 -71
1324256 -82
1339853 -76
1355377 -73
1359052 -72
1374636 -72
1390283 -78
1405881 -82
1421461 -81
1437160 -76
1452849 -83
1468510 -78
1531019 -74
1593184 -82
1608781 -82
1624366 -82
1639941 -77
1658885 -79
1674598 -86
1736865 -70
1752520 -83
1768155 -74
1783675 -79
2976147 -66
2991725 -78
3007415 -74
3022991 -84
3025807 -72
