17 -65
15774 -66
31431 -66
47024 -65
62671 -71
78299 -69
93970 -69
109607 -62
125212 -60
141020 -69
156600 -74
159033 -57
174615 -57
190248 -70
205886 -73
221502 -75
237187 -76
252810 -81
268485 -72
284128 -61
299778 -72
315385 -78
331080 -67
346716 -76
362453 -74
378156 -67
393799 -67
409526 -67
425145 -80
440783 -78
456411 -79
458990 -73
474656 -75
490289 -58
505932 -73
521520 -83
537103 -82
552755 -79
568348 -75
583993 -74
599664 -75
615368 -72
631033 -69
646757 -69
662402 -57
678105 -72
693761 -71

