14 -55
15770 -48
31427 -62
47021 -55
62664 -56
78296 -54
93954 -57
109605 -58
125207 -56
141013 -57
156596 -54
159031 -51
174611 -53
190244 -68
205883 -51
221497 -65
237183 -59
252806 -73
268481 -61
284117 -52
299775 -63
315382 -69
331074 -57
346713 -72
362450 -56
378152 -54
393796 -62
409518 -70
425141 -73
440779 -71
456408 -82
458987 -73
474651 -62
490284 -56
505929 -60
521516 -76
537100 -73
552752 -66
568345 -71
583986 -69
599661 -61
615364 -66
631030 -61
646753 -53
662399 -59
678100 -55
693758 -56
709403 -66

