0 -54
15575 -51
108298 -66
123805 -60
139396 -56
154880 -57
170441 -51
335158 -65
350615 -64
366144 -66
381667 -61
397176 -59
412774 -51
428263 -53
443778 -62
459274 -62
474718 -65
490244 -64
505725 -65
521193 -66
536724 -63
541654 -68
557237 -64
572759 -67
588274 -68
603882 -67
619303 -67
634900 -64
650513 -63
666061 -67
681519 -64
697002 -65
712474 -66
727985 -65
743492 -67
759017 -60
765596 -62
781136 -62
796635 -54
812095 -57
827653 -59
841744 -61
1121095 -68
1136674 -65
1141665 -63
1157137 -66
1172585 -65
1188164 -59
1203725 -64
1219309 -62
1234836 -57
1250275 -62
1265806 -58
1281340 -59
1296923 -64
1312505 -60
1328064 -66
1343567 -66
1359056 -65
1374573 -65
1390046 -59
1405605 -66
1421066 -64
1436597 -59
1441793 -62
1457325 -60
1472889 -54
1488345 -63
1503894 -62
1519436 -58
1534906 -65
1550416 -66
1772886 -68
1788404 -65
1865877 -60
1881417 -62
1896848 -67
1912356 -64
1927915 -65
1943470 -60
1959006 -63
1974554 -62
1990086 -66
2005596 -66
2021035 -66
2036650 -57
