13 -77
15590 -75
108317 -82
123822 -80
139424 -77
154901 -76
170458 -75
335190 -72
350637 -73
366154 -77
381683 -80
397189 -80
412791 -77
428273 -79
443798 -80
459287 -83
474736 -81
490261 -78
505743 -82
521231 -84
536740 -85
557255 -83
572789 -81
588293 -80
603898 -77
619319 -76
634913 -78
650527 -75
666084 -77
681532 -78
697017 -78
728002 -80
743548 -81
759036 -78
765618 -80
781156 -78
796654 -75
812115 -80
827670 -79
1121111 -78
1136687 -79
1141681 -80
1188184 -78
1203744 -77
1219331 -80
1234870 -81
1265827 -79
1281384 -79
1296942 -79
1312523 -79
1328083 -77
1343584 -76
1359087 -77
1374586 -82
1390058 -85
1405619 -81
1421083 -78
1436616 -77
1441808 -77
1457339 -78
1472910 -78
1488367 -79
1503907 -79
1519452 -75
1534921 -73
1772900 -74
1865884 -77
1881424 -75
1896860 -74
1912363 -77
1927922 -77
1943486 -77
1959020 -77
1974564 -77
1990094 -78
2005603 -80
2021046 -81
2036659 -80
