9 -65
15586 -64
108309 -67
123809 -67
139400 -65
154883 -62
170449 -64
335170 -69
350621 -67
366148 -72
381671 -72
397180 -69
412779 -66
428266 -66
443781 -65
459279 -68
474723 -71
490251 -75
505729 -73
521197 -71
536727 -72
541659 -72
557241 -71
572780 -69
588285 -68
603887 -66
619307 -67
634906 -67
650519 -64
666075 -67
681523 -66
697005 -66
712477 -63
727988 -64
743497 -69
759022 -68
765599 -65
781140 -66
796638 -61
812105 -60
827657 -65
1121100 -72
1136678 -72
1141668 -71
1157145 -66
1172590 -68
1188168 -63
1203730 -67
1219318 -69
1234849 -69
1250278 -72
1265811 -72
1281352 -69
1296927 -70
1312509 -67
1328068 -68
1343570 -69
1359059 -69
1374577 -69
1390049 -66
1405608 -70
1421070 -69
1436610 -63
1441796 -64
1457329 -69
1472895 -67
1488348 -69
1503897 -66
1519439 -66
1534909 -73
1772890 -68
1788408 -68
1865880 -68
1881420 -68
1896852 -70
1912360 -72
1927918 -66
1943479 -65
1959010 -67
1974558 -68
1990089 -68
2005600 -63
2021039 -67
2036654 -64
