18 -87
15594 -86
108314 -84
123813 -83
139410 -84
154889 -84
170452 -84
335185 -83
350629 -81
366151 -82
381678 -85
397183 -84
412787 -85
428269 -82
443790 -83
459284 -84
474730 -84
490258 -84
505734 -84
521206 -80
536730 -79
541665 -78
557250 -80
572785 -82
588288 -83
603895 -82
619315 -82
634909 -83
650522 -83
666080 -83
681526 -83
697014 -83
712481 -83
727991 -81
743513 -80
759025 -84
765602 -84
781143 -81
796641 -83
812109 -81
827661 -79
1121105 -84
1136682 -79
1141672 -82
1157152 -80
1172596 -82
1188173 -78
1203733 -80
1219323 -80
1234854 -84
1250281 -82
1265821 -80
1281356 -80
1296935 -81
1312512 -82
1328071 -80
1343573 -81
1359064 -81
1374580 -79
1390053 -78
1405611 -80
1421073 -79
1436614 -80
1441801 -83
1457333 -81
1472904 -83
1488352 -81
1503901 -79
1519442 -82
1534914 -83
1772894 -86
1865898 -84
1881438 -82
1896867 -80
1912377 -81
1927936 -81
1943502 -84
1959027 -86
1974573 -83
1990098 -85
2005613 -83
2021050 -82
