22 -85
123828 -81
139429 -81
154909 -82
335205 -85
350640 -85
366158 -81
381689 -82
397197 -86
412795 -83
428280 -83
443801 -82
459291 -86
474741 -88
572797 -86
588296 -85
634919 -83
650530 -86
666087 -87
681535 -87
712490 -85
727999 -84
743518 -84
759030 -84
765611 -84
781148 -85
796649 -82
812112 -81
827667 -85
1121118 -86
1136693 -87
1141687 -88
1203748 -87
1219335 -85
1234877 -84
1281413 -82
1296947 -81
1312527 -80
1328086 -82
1343587 -83
1359091 -85
1374592 -85
1390064 -85
1405623 -85
1421086 -85
1436620 -80
1441812 -79
1457343 -82
1472913 -84
1488377 -86
1503911 -84
1519455 -85
1534925 -87
1772908 -88
1865890 -81
1881429 -80
1896863 -80
1912370 -78
1927932 -81
1943493 -83
1959023 -85
1974570 -86
2005619 -85
2021065 -85
