15597 -78
108322 -88
123825 -86
139427 -83
154905 -81
170482 -84
335202 -87
366161 -85
381693 -84
397204 -84
412800 -84
428283 -85
443805 -85
474748 -87
490266 -88
557258 -88
572794 -88
619325 -89
634916 -90
666093 -89
681538 -89
697021 -89
712487 -89
759040 -87
765621 -86
781159 -88
796657 -85
812121 -84
1141691 -88
1157156 -89
1172603 -90
1188180 -88
1203738 -90
1219326 -89
1234859 -89
1265832 -88
1281387 -88
1312530 -89
1328092 -90
1343592 -90
1359094 -90
1390070 -88
1405626 -87
1436636 -88
1441819 -88
1457350 -90
1472921 -90
1488382 -90
1772905 -83
1881453 -88
1896876 -87
1943509 -87
1959034 -87
1990107 -86
2005617 -87
2021062 -88
