422932120 -61
422947453 -63
422962679 -64
422978183 -62
422993412 -61
423008984 -61
423024322 -61
423055128 -61
423085942 -60
423101391 -59
423147377 -62
423162583 -64
423196024 -64
423211240 -64
423226524 -65
423241849 -65
423287777 -65
423302984 -65
423410126 -63
423425490 -61
423440695 -60
423496031 -63
424426755 -62
424442175 -61
424457436 -61
424533756 -63
424549162 -62
424564428 -61
424595021 -64
424610334 -65
424656239 -67
424665545 -68
424680854 -69
424696133 -67
424711551 -65
424726805 -64
424818477 -63
424833841 -59
424849292 -57
425265373 -58
425815513 -63
425830798 -65
425846053 -66
426649570 -65
426664834 -66
426695404 -62
426710762 -60
426726066 -60
426741308 -60
426756665 -60
426765954 -61
426781237 -61
426796526 -62
426811869 -62
426827227 -62
426842502 -62
426857794 -62
426873234 -63
426888558 -62
427006453 -66
427021797 -67
427037092 -66
427052353 -66
427080884 -65
427096249 -63
427111558 -62
427173135 -64
427188592 -64
427203820 -64
