422932096 -53
422947434 -56
422962659 -57
422978169 -53
422993399 -51
423008971 -50
423024300 -50
423039738 -54
423055099 -58
423085918 -56
423101385 -57
423116827 -56
423132104 -59
423147368 -58
423162577 -58
423180664 -58
423196009 -58
423211234 -62
423226515 -62
423241840 -55
423257087 -59
423272406 -60
423287760 -56
423302965 -54
423318188 -59
423333507 -62
423348793 -58
423364051 -56
423379598 -52
423394868 -50
423425497 -57
423440700 -61
423465439 -59
423480740 -58
423496027 -57
423511354 -56
424380714 -64
424396046 -62
424411280 -61
424426733 -53
424442159 -53
424457425 -60
424472651 -63
424487960 -62
424503235 -62
424518465 -62
424533735 -64
424549153 -57
424564423 -59
424579719 -61
424595015 -61
424610329 -56
424625601 -59
424640839 -61
424656213 -54
424665529 -58
424680840 -59
424696126 -60
424711545 -60
424726799 -60
424742066 -63
424757320 -65
424772578 -65
424787813 -65
424803113 -65
424818463 -61
424833824 -58
424849247 -61
424864409 -65
425265352 -64
425280778 -59
425296111 -60
425815394 -57
425830794 -54
425846049 -53
426649540 -49
426664792 -50
426695396 -51
426710755 -52
426726060 -52
426741302 -52
426756656 -51
426765947 -50
426781230 -50
426796512 -51
426811865 -54
426827217 -53
426842496 -52
426857788 -53
426873228 -53
426888549 -53
427006431 -58
427021765 -57
427037088 -59
427052336 -60
427065488 -62
427080868 -59
427096242 -54
427111546 -57
427127020 -54
427142366 -53
427157710 -59
427173114 -58
427188575 -53
427203800 -57
