422932116 -59
422947441 -62
422962667 -64
422978175 -64
422993406 -64
423008976 -64
423024307 -64
423039787 -63
423055103 -63
423085937 -65
423116837 -64
423132128 -64
423241855 -65
423257104 -65
423333527 -63
423348802 -62
423379606 -62
423394878 -62
423465444 -60
423480754 -59
424396084 -64
424411289 -64
424426745 -64
424442170 -64
424549167 -63
424564434 -62
424656235 -60
424665536 -63
424680846 -64
424711561 -63
424726819 -62
424818469 -60
424833830 -62
424849276 -63
425265378 -64
425280782 -60
425830803 -62
425846056 -62
426649577 -66
426664838 -68
426679994 -69
426695389 -66
426710748 -65
427080888 -65
427096254 -65
427111566 -67
427127026 -67
427142371 -66
427157717 -66
427173123 -64
427188583 -62
427203809 -61
