10 -64
15766 -67
31423 -67
47018 -69
62661 -71
78292 -73
93932 -55
109602 -57
125202 -65
141009 -59
156593 -63
159028 -58
174599 -58
190240 -53
205872 -74
221491 -72
237180 -73
252803 -70
268478 -71
284113 -66
299771 -69
315378 -78
331070 -65
346708 -68
362443 -68
378142 -81
393792 -64
409514 -84
425136 -80
440775 -76
456401 -81
458982 -75
474645 -72
490279 -63
505923 -73
521513 -73
537095 -76
552742 -84
568342 -84
583982 -74
599654 -80
615357 -60
631021 -60
646750 -72
662395 -67
678096 -66
693755 -72
709399 -74

