24 -85
15778 -85
31434 -73
47027 -69
62674 -74
78302 -73
93977 -86
109611 -86
125217 -81
141028 -81
156603 -87
159035 -87
174626 -86
190251 -86
205890 -74
221507 -84
237190 -78
252815 -76
268488 -80
284132 -85
299782 -76
315390 -82
331083 -82
346719 -82
362456 -86
378161 -83
393802 -83
409530 -73
425148 -72
440786 -73
456415 -77
458995 -71
474660 -78
490293 -75
505935 -74
521523 -81
537108 -81
552758 -78
568353 -70
583996 -71
599669 -72
615381 -78
631037 -90
646760 -70
662405 -81
678108 -85
693765 -91

